00000000000000000000000
00000000111000000000000
00000001001000000000000
00001110001000000000000
00010000000100000000110
00100000000011100001010
01000011000000010010001
11000100111000001100010
01000100000100000000001
11000110001000000000010
00100001110000000000100
00011000000000000001000
00000100000000000001000
00000010001111000000100
00000001001000111000010
00001000110100000111110
00110110001000000000000
01000001000000000000000
01001100100000000000000
00110010100000000000000
00000001000000000000000
